[[[[],[0,2,4]],7,5,0]]
[[[],8,[4,2,0,[7,9,9]]],[[[]],[[2,0,6,4,7],[5]],[[a,5],[5,7,7]],9],[7,5,[a,7,7,[9,7]],[[]],[[1],a,9,[9,1],[5,1]]],[[[],[9,a],7],3],[]]

[[1,[[4,6,1,8,3]]]]
[[9,[[],a,[6,5,4,1,5],1],[3],[7,3,7,a,0],[[9,6],[1],0,[]]],[0,2,2],[[[2,7,4,7,6]]],[],[[[4,a,1],4,7,[],[4,6]]]]

[[[7,[a,8],1,2],[[8,6,8,0,5],1,[4,5]],1,4,4],[0,[],[],[],[8,2,[],[4],[a,8]]]]
[[3,7,[2,0,[9,2,1,a,8],0],[3,9,[9,3],[1],[2,5,5,6,a]]],[[[a,1,8,8],[1,2,8,3,6]]],[]]

[[[]],[0,[0,[4,3]],4,[a]],[3,9,9]]
[[[9,[1,5,0],[a]],[[9,1],[9,7,3,4,5],[],[0,0,3,1,2],2],6],[[[5,7,0,4,0],[9],[],[4,1,0],4],6],[]]

[[7,8,6,a],[8,[]]]
[[7,[8],a],[5,4,[]]]

[[6,1,[]],[1,0,a,[0]]]
[[[[3,9,5],[4,0,3],[1,2,0],0],9],[[],[[0,0,5]]],[2,[[6,3,4],[a,9]],3,4,8],[]]

[[[[5,2]],[a,a,[0,6,6],4],[[],4,[4,7,7,a]],2,[[2,1,4,8],[],[7,4,2],[7,0,8]]]]
[[[9,0,6],[0],9,[[],5],[3,a,0,[0,5]]],[[],[[1],[],[3,8]],8]]

[[],[[9,0,4],a,2,6,[[6,a]]]]
[[[0,[],a,2],[[],[],[7,7,3,6],[9,2,6,7],[9,9,4,2,8]],[[]],[[3],[4,0,1],4,a,1],[[7,9],4,[7,0]]],[[[2,3,3],[4,2,4],[4,5,5,6,4],[6,5,8,3,8]],[5,8],[],9,1]]

[[]]
[[6,6,6,[[0,1,7,a],8,9]],[],[[[8],[],[],2],4,6,5]]

[[],[1,[7]]]
[[2,4,6,[[4]],0]]

[[[1,[],0],[]],[8,[[3,5,3],[0,a,1],[7,7,a],1],[],[[8,4,a],[7,2,4],3,3]],[8,9,3],[5,0,3,6],[0,[[0,0,4,3,2],6,5,[]]]]
[[1,5,[9,5,[4,0,6,3]]],[[a,[4,3,6],1,[6],[1,1,8]],7,[[]],[[a,1,2,4,5],[4,2],[2]]],[[[6,2,9,9,0],7],a,[]],[],[a,[[7,5,7],[5,6,7,4,6],[a,1],[7],[2,2,2,9]]]]

[[[],[[2,a,7,2,0],9,8],3,[[]],[9]],[4,[0,a,4,2]]]
[[[[9],8,[6,0],[7,8]],[a,0,6,0],[6],[4,0,[5,8,6]]],[],[],[[[8,a],[6],[a,6]],2,[5,2,4,[1],[7,2,2,6]],[1,1,[2],0],[0,[],0,[6],[]]],[8,[[],[2,2,2,6],[],[9,4,a,5,8]],8,2]]

[[2,[[0],9],[]]]
[[[[a,5,3,9],6,[a,4,a,3],3,[0,1,4,2]],5,[9,0],3,[9]],[5,a,6,5]]

[[1,[0,6,[],3,[6]],1],[1,[[0],8,1,[1,1,4],[5,1,0]]],[[[],7,[5,6,2,0],[1,8,a,9,0]]],[8,[5,3,0],[4,[0,2],[a,a,9,8],[0,9]],0]]
[[9,3,[[9],[0,1,8],[1,8,6,8],[8,7,2,6]],[6]],[[2,5,3,[3,3,9,6]],[[7,3,a],[2],[],4],5],[[[5,9,2,a],[7,0,7,3],2,[6]],9,4,[[2,a,2,1,0],4,9,[6],[3,0,6,5]],[8]]]

[[a,3,[2,5,9],7,8],[[0,[]]],[[3]],[1,6,[],3,[1,1,6,[1]]],[5]]
[[8,[],[[0,7,8,2],1,[]],[],[3,[6],[3,6,6,4,7],[2,3,5,9,0],[6,3,8,1]]],[[a,8,3,3,[2,4,3]],[[5,8,0],a]]]

[[a,[[]],2,[[6]],1],[[],3,8,7],[4],[8,[[8,9,6],[]],[[0],7,[3,7,7,0,6],[4,4,3],[7,1,3,2,2]],[a,6,a],1]]
[[],[8,[[7],[8,3,5]],[],[7]],[a,[[a,7],[]],[[],[1,0],[0],9]]]

[[[[0,8],2],[2,[],[7,3],9,3],8,[2,2,[5,8],4,[9,1]]],[],[],[[2,8],9,[0,7,[3,0,5],1,4],8]]
[[5,[],1,8],[[7,1,[8,a,7,8]],3,[8,7,4],[a,a,2,6]]]

[[a,9,[2],[a],9],[4,4,5,3,[[3,7]]],[8,8]]
[[2,[]],[],[[[7],9,5]]]

[[4,[[1,3,0,6],[7],6],2,[[a,a,a,9,5]]],[7,8,[],0,8]]
[[[]],[[3,[0,9],2,[2,8],[7,3,5]]],[8,[2,[],[7,1,4],1,[2,7,1,7,2]]],[a,[],5]]

[[[7,[a,5],8],[5],3],[[[],[7,0,9,1],[6,7,7,6,2],2,8],5],[],[],[[a,[6,0,3,4,0],[1,7],7,[a,4,7,4,8]],4,3,[]]]
[[],[7,1,4,6,[[6,3,8,5,6]]]]

[[[2,7,[],[2,8,9],[0]],[0,[],[]],[1,3,[3,7,5,9],[6,9]],[[4],[0,9]]],[4,3,[4,[a,6,a,3],[9,2,0]]]]
[[],[[],[6,[1,7,4],5,[0,9,6,6,3],4],4,8,[6,a]],[2,[[],[],0,[],[5,5,3,4]],[[9,6,a,a,9],[6,7,1,8,6],[7,1,2,4]],3,2]]

[[[],7,[[],6,[5,2]],7],[],[],[]]
[[],[[[4],9,[1],9,0],6,7,a],[9,7,[8,[a,5,1,5,1],[a,6,0,6,a]]],[[[3],[7,9],[9,a,6,5],[3,5,3],9],[[6,2,2,2],8,4,[7]],[[2],1,9],[[8,3],1],[[0,9,0],[8,6,2],[a]]]]

[[[[3,0,8,8],1],8,9],[5,a,a,[],[7,[9]]],[[[0,9,0,1]],4,[[7,6,4,7],2,2,0],[4,[0,0]]],[[2]],[1]]
[[1,8,3]]

[[[[]],[[0,4],8,3,1,[4,8,1,6]],[[4],4,0],[[]]]]
[[9,[[a,0,1,7,4],6],7,1],[5,9],[6,0,1,[[5,a]]],[1]]

[[[],5,[[0],1]],[[3,[8,8,3,7,4]],8,0],[8,[[0,5,2],4],1,[3,9,[7,0,a]]],[0],[[[6],[8,5,7,9]],[[a,8,3,8],[a,8,7,4]]]]
[[[[2,3,4,8],[]],[8,[7],[0,1,3],[a,4,0,9]],7,3],[3,9,[]]]

[[],[9,2,5,[],0]]
[[7,[],9],[]]

[[[],[[0],[7,5,5,3],[],9,8],[[3],[a,9,3],1]],[[3]],[[8,3,[7,2,a,5]],6,4,1,a],[1,[[6],[],[a,5,3]],1]]
[[1,[[9,1,1,5],7],7,[],[3,8,[6,3,9,9]]]]

[[[[9,9,3,5,3],6]],[2,[4,[8,1,5,7]],4],[7],[[8]],[1]]
[[[[3,3,0,0],[8],8,5,0]],[4,2],[8,[[5,1,3,2,9],[1,a,9,8],[9,7]],[[9,a],5],[[],[a,0,3,4]]],[[9,[1,7],8,[5,0,2,1,8]],[2,[7,6]]]]

[[9,2,1,9,[[4,a,8,1],[0,8,5],[5]]],[],[[[1,0,8,8,0],a,5,[]],6,8],[[2,7,[7,0,9,4,7],3]]]
[[4,[[8,7,9],5,2],[7,3,[6,5,5],6],6],[[[a,2]],9,[[],4],9,9],[[[3,4],7,a,[1,3],a],8,9,6,[[7,4,3],[3,6]]],[6,[7,0,[7,4],[]],9,1]]

[[],[[[7,3,3,5],5,9],[a,[2],[],1]],[6,[0]],[[[8,a,6,9],3],1],[5,3]]
[[1,[[2,7,0],[4,a,9,7]],[[3,7,9]],6],[a,3,6,3]]

[[[3],[4],[8,[],a]]]
[[[[7,0,8,6,2]],[9,[8,6],6,5,[9]],6],[5,[[4,2],4,[],[2]],[[5,3,0,2,9],4,[a,7,8]],7,a],[],[a,9],[[a,[4],0],[]]]

[[[],[7,[5,0,8,0,0],6,[2,a,2,4]],0,[6],[[a,a,9]]],[[[9,1,3,1],a],[[4,6]],[[0],[5,1,5,6],[3],[5],[9]]],[[8,0,[7,4]],a],[6,0,[5,[],[5,4,5]]],[[9],1,5]]
[[[[],2],[0,3]],[[6,[6,1,2,3,2]],0,3,[6]],[[9,[a],8,[3,7,a,8]],[],a,5,8],[],[[0,[8]],5,[[],[0,0,1],3],[[5,4,8,a,6],[6,1,4,0],[0],[2,1,8,4,a]]]]

[[6],[[[2,7,7],[],[1,3,4]],2,6],[[0,[6,3,5,7],[a]],[5,[3,3,a,6,2],8,[0,2,3]]],[[6,a,[2,7]],[5,2,3,0],[[5,2,2],[5,7,5]],[]],[6]]
[[9,[[4,a,1,3],[7],[7],7],[8],[[8,2,2],6,2,[],[6,5]],[2,[3,2],[2,3],[],3]],[2],[[[2,3,0,2,8],5],[5]],[0]]

[[],[[[8,5]],[8,[],5,[6,6,a,0,9]],0,3,1],[]]
[[9,4],[],[7,6,[7,3],[[4,7,4,8],[7,9],5]],[],[]]

[[1,1,7],[],[[[1,5,a,2,5],[8,8,3],[9,8,0,a],[4],4],9]]
[[1],[],[9,[1,2,a,4],3],[a,9,a,[3,[1,5,6],9]],[5,6]]

[[[[4,7],[6],1,[1,7]],7,0],[[[3,1,8,9],3,1,[a]],8],[5,6,5,[7],0],[[0],[a],[[1,6,6,a,6]],[[7,3],2]],[[]]]
[[a,8,[8,[2,2,1,6,3],2],[[9,4,5,a]],[[2,5,a,6],6,0,6]],[[[1,8,1],[9,5,6],2],[[5,8,2,5]],2],[[1],9,[[8,0,7],4],1,8]]

[[5,[1,8,7],9,1]]
[[],[[4,6,[7,9],0,4],[9,9,[9,0,2,2]],8,5]]

[[7,[3,0,[2]],6,4,a]]
[[],[[0,[6,9],5,0]],[],[[[5,4,4],[],[],4],[[1,5,9,6,7],3,[2,3,9,1,5],3]]]

[[],[2,6,[8,[7]],2],[3,0]]
[[[[],5],3,[],[[a,5,4,2,5],[a]],6],[a,0,[],[[9,3]],3],[[[4,6,0],4,[]],[[9,7,9,7],[9,4,3,4,7],[8]]],[6,0,5,[[4,0,2],7,8,[],3]],[]]

[[7,[8,3,[],[a,6,4]]]]
[[[[0,6],9],8,6],[a,6,[7,[9]],5,[[1,1,2]]],[4,[[1,5,2,3,0]],[0],[6,[2,2,7,9],2,3,7],4]]

[[6,2,4],[7,[[]]],[4,[[],[1,4,2,0],[0,5,0,2]],8],[],[0,[[5,5,4,2]],1,[7,3,2,[],5],[7,[8],1,8,[3]]]]
[[[[7,3,1,1,6],[4,1,0,0],2,0,[8,6,2,1,9]],8,5,3,[9,4,9]],[[0,[a],[2,9,3],5],[7,[3,7,7,a,0]],0,a],[[8,[9]],9,[a,6,2],[1]],[]]

[[8,a,a,[5,[2,2,1,2],[],[3,a]]]]
[[8],[1,[[7]],4],[3],[[7,[4,1,a,3,5]],2],[0,[1],7]]

[[8,0],[2,[[1,9,a,7,9],7,[2,3],[5,5,5]],1]]
[[[a,a,a],4,3,8],[1,[],[5,6,3,[7,a]],9,[[2,6,4,1,1],[2,a,5,a],[4,9],[6,2]]]]

[[[3],8,3,[[7],7,2],0],[7]]
[[[[3],7,[1,3,5,1],[1,1],[4,3,3,4]],1,[],7,[[1,9,a],[],[4]]],[1,[[6],[]],[[],[0]],4],[[],[]],[3,[[],4,1],9]]

[[],[]]
[[8,2,[[9,2,8],[9,5,0,0,7],7,7]]]

[[[0,[6]],[[9],[9],a,9,[]],[2,[9],9,[],a],8,4],[],[],[]]
[[4,[]]]

[[[],[]],[3,9],[2],[2,2,7]]
[[[7,8,[7],7,[3,8,5]],[]],[[[],[6,a,7,8]]],[[2],8]]

[[[[6]],[1,[1,8,4],1],[[3,2,8,5,0],a],3,[[a],1,[a,8,5,0],7,[2,a,5]]],[9],[[1,2,[7,4,7,4,5],7,[1,8,1,6,5]],[[4,a,1],[1,1,0],[6],4]],[6],[8,[a],5]]
[[0],[4,7,[[2,5,4],[],[3,3,8,5,8],7,[9,1,4]]],[4,[[],[9,4],6],5],[[],[[8],3,2,[5,3]]]]

[[3,8,8]]
[[4,[3],[a]],[5,[2,[7,5,a,2],a]],[8,[4],[]],[[9]]]

[[[[3,0,2],[7,8]],[[],a,3],[9,[8],[1]]]]
[[4,[[],4],2],[5,4],[1],[[7,[8,3,0,6,6]],[[6]],4,[9,1,a,[],7],6]]

[[[9,[8],[a,2]],[5,[0],2]]]
[[[[9,a,1,8,8],a,0,[8,9,7,9]],[[a,1],2]],[0,[[7,8],1,[]],[[5,8],[5,8,8,9],[4,2,9,4,8],9,[]]],[[1,5,[2,4,5,5,a],[a,3,3,8]]]]

[[[],a,[[6,9,7,2,1],9,0]],[[6,[4,2]],[]],[]]
[[[[2,2,a,1]],7,[[0],8,a],[[1,4,0,a,2],[4,0,8],0],[1]],[8,3,[[1,4,1,6]],[7,1,[4]],8],[7],[[1,[],a,[8,8,6,0,1],[]],9,3],[[1,[2,5,7,5]]]]

[[[2,[4,5]]],[],[[[4,3,7],[8,0,5],a,4]],[4],[[[7,1],9,3,[6,5,1,1,9],6],5,6,[3],[4,7,1]]]
[[[3,3],[[8,2,3],1,[3,5,a,7,0],9,[6]],[4,2]],[2,2,[9,[1,1],[7,8,2,2],[3,9,a]],4]]

[[[[6,2,1,2],9,5,[8,2],[2,2,0,3,7]],[[],2,[4],a]],[],[8,8,[2,6,4,[1,3]],[6,[a,8,a],6,[2,9,4]]]]
[[[],4,0,0],[[5,[6,6,7],5,9,[0,1,9,3]],[]],[],[],[[[2],[a,3,a,4],7,[8,a,2,a,9],[1,7]],2,[8]]]

[[4],[3,[[3,0],1,[3],[]]]]
[[3,a,4,a],[[[],5,[],[8,7,6]],4,[[3]],[[6],9,6],[[5,8,7,8],3,[4]]],[5,[],4,[8],[3,[3,a,7,5,7],2,[]]],[[[a,7],5,a,a,[]],[]],[[1,8,0,0,4],9]]

[[[7,2],7,2]]
[[9,9],[5,[[9,1]],[[],[5,7,4],9,[3,3,9,3]],9]]

[[],[[[9,1],1,9,2],9,[],a,[[7],[4,0,9,6,7]]],[[[],3,[0],a],[[4,0,8,9,4],[5,7,9,0]],[[5],[0,a,6],[5]],[[0],[3,1],[],[0,9,8,1]],[[],[7],[0]]]]
[[4,[[8],2,[8,0]],8,[9],[[7,0,0,4,0],[1,1,6],4]]]

[[[0,[3,1,0],5]],[5,0,[1,[8,6,7]],[[7,8,5,7,4],[8,5,6,1],0,[8,7],[1,a,8]],[2,[2,6,2,6],6,4,3]]]
[[],[[[2],[5,2,5],7],[3,[],[0],2,[3]],[[9,8,3],[],1,[0,7,1,4,6],3],[4,[0,a],[6,7,9,7,a],[9,8,0,3,9]]]]

[[[[8,a,4,2,2],5,[4,9,4,2],1],[[2],[3,6,1]],2,[0,1]]]
[[8,[[a,7,a,1,1]]],[],[],[4,8,a,[0],[]],[[[6,5],[5,5,4,6,2],[9]],a,6,[[3,7],9,[3,1,6,4],[2,4]]]]

[[[[4,0,9,8,0],9,[4,a],[8,8],[1]],[[]],[9,[0,1],[]]],[]]
[[[],9,5,8,0]]

[[5,5],[0,[3,4,[6,7,6]]]]
[[],[],[[6,[],9],[[3,2,7,1,a],[a,3,5,2,7],2],[]],[[[6,0,5,2,7],[9,9]],0,8,[[0],[],[6,6,8],1],5],[[7,[5,8,8],[5,7,3],a,[1]],2]]

[[2,[7,[9],5],[]],[[[3,8],[5,a,3,8,1]],[6,0,0],1,a],[],[4,7,3,5]]
[[],[6,6,8,8],[1,[[],1,1,0,[4,5,2]],0,4,[]],[9,5,1,[8,3,[3,1,5,3,8],[2,6]],a]]

[[4,0],[],[6,1,6,8],[[6]],[[a,[],[6],7,[]],9]]
[[[3]],[[[],7,0,[4]],0],[[]],[]]

[[9,6,5]]
[[1,8,3,2,[5,[a,1,3,3],[3,7]]],[0,[[6,4,6,9],8,2],[],[1,[1,4,8,7,a]]],[[[6,2,2],[5,8,3,0,a],[],8],7,7,[8,2]],[[8],[],[],[[]]],[[[3,a,2,4,2],5,a,[1,4,a,9]],1]]

[[9,[3,2],[]],[],[[],8],[[[6,2],4,9,4],5]]
[[[[3,3,7,8,1],[]]],[4,2],[]]

[[5,[[3,5,6,2,7],a,0,[2,3,1]]],[6,3,[[7,2,0],[],[],8,0],[[2,5,0,0],[1,8,8,9,7],[0],[],0]],[],[a,[[0,2,0,6,3],2,[],8,7],[[4],[4],[5,2]]]]
[[[[0,a,6,5],[],[1,7,7,4,6],[2,2,a],[a,4,0]]]]

[[],[[[],4,[9],[3,2]],[1,[0,0,6,4,2]],a],[[1],0,[9,9,[9,2,8,a,5]]],[]]
[[[[2,6,3],[9,0,a],0,[9,5]],0,5,2,[0,5]]]

[[],[[[5,3,9],[1,4,2,8,5],7],8],[[[6],9,5],3,[],2,3],[0,4],[7,2]]
[[[7,9,[0,2,2,5,9]],6,5,[8,[5,7,7]],a],[9,5],[8,4,6,5,[2]],[[[2,a,0],6,9,[]],3,[6,[1,4,4,5,4],[2,8],[],0],[0,3,7,a,[3,3,1,3,9]],7]]

[[8,a,[[5,9,3,3],5,[8,a,8,9]],4,6],[],[],[[[4,4],7,[4,9,3,a]]],[]]
[[[[a,5,6,5],1,6,4,a],a,8,[8,1],5]]

[[],[[],6,0,[]]]
[[2,[[3,4,6,2,2],[],6],7],[7],[],[[[],[3,8,3,1,7],[3]],8,a,9]]

[[],[1,[[1,2,8,4],6,1,[9,1]],[[6,0,5]],[[8,6,3],3,6,[8,0,9,5],7]],[[],9]]
[[3,[[1,3,0],0,[0],3,[1,1,6,a]],[],[1,7,[2,1,8,1]],1]]

[[6,2,3],[5,5,[[7,4,2,a,7],0,6,[3,2,9,3,0]]],[[9,[8,9,5],[8,2,0,0],7,[]]],[[[],4]]]
[[],[[9,2,[0,2,9],a,[]],a,[3,9],4],[0],[9,1,[[3,7,6,a,7],[7,7,5],[4,3],a]],[[[5,3,0,2],a,[]],[[3],a],2,9]]

[[2,[4,[a],3,[],5],6,[[5,4,1,5],[4,0,7],[5]]],[[[8,9,3,6,5],[1,6],[9,0,7],1]],[2,[7,8,[0,a,6,0,0]],[8,[],[1,a],7,[]]],[9],[5,0]]
[[3,[7,4,a,9,[7,a,2]]],[[[0,8,4],[a],2,[1,5,9,a,8],4]],[[4,5,[4,a],[2,7,0,0]]]]

[[[[],5,[5,7]]]]
[[[[5,3,3,a,4],[a],6,6,4],[5,[2]]]]

[[[[0,0,6],3,[6]]],[],[8,8,[[],[8,3],1,[5,0,2,4]],[1,9],[a,[],[6]]],[3,6]]
[[],[[7,a,2,1,2],[[8,5,5],[],[],[a,7,6]],8,2],[4,6,[[]]]]

[[2,a,8,a],[9],[[[6],[2,2,2,a,4],4]],[[[3,2]],3,1,[6,3,[a,6,7],a,8],[a,[8,9,2,9]]],[[5],[4,[7,5,6,3],2],[5,8,1,[],[1,1]]]]
[[9,6,[[8,6,4,6,2]],[[0,6,a],[]]]]

[[[[a,0,6,1,2],[7,8,2,0,0]],3,5,[[a,9],[8]],1],[9,[[6,6],a,3,2]],[0],[2,[1,3],9,7,[[0],[1,4,4],4]]]
[[[[8,6,5,2],[1,6,3,1]],2,[9,6]],[],[[6,5,6,1,[a,1,7,4]],9,0,4,[[6,8],0,9,9,[6,6,9]]]]

[[1,[[],[3,4,5],5,[],[0,1,4,8]],[[0,5,3],[5,7,8,7,0],5],6,7],[2,9,[[0],[a,9,8,2]],a,4],[]]
[[],[[],[6,[2,6,8,0,2],2]],[[[3],[],[a,8,1,0,a],5],[3,[0,0,5],6,[9,8],[5]]]]

[[2,0,9],[5,2]]
[[[7,[7,7,3]],4,[],1],[0,[[6,4],8,[9,6,0],[2]],3,[1,[5,9],9,[]]],[[[5,7],8],[[6,6,5],[],9],2],[[],1]]

[[[8,[9]],[1,8,[5,0,1,4]]]]
[[[],[6,[9,3,1,9],[4,0,8],8,9],[[9,4,7,4,9],[],3,[0,8,a,2,7]]],[3]]

[[3,[2],[9,[8,4,5,7],0,a],[],[[9],2]],[0,0,[[0]]],[0,9,7,[],[[0],0,[4]]],[[5,[3,8,6,1,7],[3,0]]],[[[4],[]]]]
[[2,[1],9],[],[6,4,[9,9,0],3,[]],[[[4],7],2,[[7,8,5],4,[6,4,4,2],8,[a,3,7,1,6]],2,[5]]]

[[[[3],[6,3],7],[7],[[7],[6,3,6,1],[7,3],[7,4,4]]],[a,a,2,[0,4,[3,1,8,a],0],[[9,4],[8,4,9,a,8],6,[],8]],[3,[0]]]
[[[],a,6,6,3]]

[[[1,9,[5,3]],6],[[[7,0,3,3,6],4,4,7,[7]],3,6,3]]
[[[[4,4,7],0,7,[a,4,3]],[3,[6,a,5,9,8],[],3],6,0],[[2],9],[[[8,1,0],[1],9,[4]]]]

[[],[[[4],[5,3,8,5,8]],2],[9,6,a],[[[],0,2,[9,0,7,2]],[9,8],[],a,5],[5,[3]]]
[[],[[[1,9,a],0]]]

[[7],[],[1],[a,2,9,[]]]
[[a,2,[[9],1]],[0,[[0,a,a],0],2,3],[9,3],[5,2,[[1,3,7,2,2]]]]

[[[7,8,7]],[4,9,7],[2,[[6,8,2],2,3],3],[]]
[[6,[]],[[[2],[0,2,3,0],1,4,8]],[[9,4,[1,1],a],[6,7],9]]

[[1,a,[[5],2,[3]],[[1],4]],[[3,[5,1],[4]],[7,2,[a,7,0],[2,2,9,7],[6,6]],3,a,[9,[5,8],6]],[],[[4,7,a,7],4,9,[0,[7,4,7,1],5,1,1],a],[1,a,0]]
[]

[[6,1],[],[[8,a],[],5,5]]
[[],[[[4,9,6,0],[3,6,8]],4,a],[[],1,[a,4,[3,a],3,[5]],9,8],[[],a,[[9,1]],9],[4]]

[[[],2,1,[8,9],[1,4,0,[2,5],[]]],[4,[2,5,[4,4,2,9,8]]],[4,7,6],[[[9,9,8],7],4],[[a,[4,4,4],[a,a,9,8],5,3]]]
[[],[0,[[7,6,2,3,3],5],2,[],[[]]],[[2,6],[1,4],[5,8,9,4,[5,1,9,4]]],[]]

[[[],[[0,8],0,[3,7],[0,4]],5,3],[1,5,7,[7,[4,9,9],a,2]],[0,5,[]],[]]
[[[[3,3,a,5],[]],[0,1,7,[2,5,1,0],[0,9,8,2]]],[[3],[[9,6,3,a,4],7,[7],6],[[6,0]],[1,[7,2]]],[1,[[4,6,0,7],9,a,[2,8,4,9,2],[7,3,4]],[[7,9,1],3,0,4,[]],[]],[],[9,5]]

[[6,[8,5,[4,2,6,0,a],[8,9,5,a],[4,9,6]],0],[[6],9,8,0],[[8,[5,3],[5,0,9,6,3],6],[[2,0]]]]
[[3,[],7,8]]

[[6],[9],[5,1],[1,[[0,2,1],7],0,[4,0,2],1],[[a]]]
[[[0,0,9,[1,4,2,2]],5,0,4],[[[9,9,4,0,7]],7,0,a]]

[[a,9,2],[7,7,9,[3,2]],[7,[6,8],8]]
[[[1,3,8],5,[[4,7],[4,5,0],[],[5,2]],5],[7,[[2,0,0,a,6],8,[9],6],[],1,a],[[]],[[[4,a],[5],[8,6,3,a],6,[a,0,0]],0,[9],[[2,8,0],[0],5,[a,8,2,a]]]]

[[4,8,1],[],[8]]
[[1,[2,4],9,[]],[[[9,2,1,4,2]],[],[[],[]],2,[]],[],[],[[]]]

[[[],[[2,5,a],[2,9,3,6,8],6],[[]]],[9],[a,3,2,[[],2]],[[9,[a,5,9,7],[9]],9,[[8],7,2,[6,4],[6,8,8,0]],[8,4,[],a],[0,[9,0,7,9,8],0,[5,0,5,4,a],1]],[[1,a,3,3,3],[1,0,1,[]],[9,8,[9,8,7,2,9],8],7]]
[[a,1]]

[[[],[],[[0],[2],5,[],1],[],[]],[[],[],3],[[[5,a,8],3,2,4,[0,8,0]],1,[5,5,[a]],[],[8,[5,a],4]],[8,7,0,2],[1]]
[[8],[]]

[[a,5,[[7]],[0],3],[[],1,2,8],[[7]]]
[[7]]

[[[[a,9,2,4],[a]],[[],[],2,[0,7]],1,[1,7]]]
[[[8,9,[9],[6,1,a,6,8],[3,a,3]],9,[[4,6,5],3,[8,9],a,3],[a,1,a,1]],[4,[[8,5,a,2,7],8,[9,6,0],[a,3,5,1]],[[3],0,1,[4],[7,8]]],[5,[[8,1,2,7,7],[a,9,0,9,5],8,[0,4],[7,7,8,0,5]]],[1,4,3,[],[[1,8,a,a],1,[1,5,7],[9,6,a,7],2]],[[3,[],[0,0,6,9]],6,3,[[],a],[[7,6],[1,2],8]]]

[[[[8,3,5],5],[6,4],[4,1]],[[],4],[],[4,7,2,[[9,9],[]],[]]]
[[[[],[2,8,7,5],[8,2,6,5]],[[],[],a,5,[a]]]]

[[0,4,[4,[3,4]],4],[[]],[[6,a,[8,1],a,[6,6,7,a]],[[8,a],[1,1,7]],[3,[6],1,7],a,[[4,a]]],[5,7,2,[8,9,[3,4,a],2,[]]]]
[[[[1],[5,0,8,5,1],4,[]],[6,a,[7,2,1],[1,a,5],0],9,2,6],[7,9,[2],5,6],[0,[[2],7,8],8],[[[],[],[1,9,9],4,[]],[8,9,8],7]]

[[[[0,6,5,8],[5,5,3,a],0,[9],[9,0,3,0,1]],6,a,4,[[6,2],[a],[4,4,a]]],[a,a,a,a]]
[[a,a,0],[[[5],8],[[2],[8,8],1,[0,3,a,6],[4,6,2]],[9,6,0],1],[],[[[],[9,2,0,9]],3,[9,[0,5],7],[[],1]],[[[a,1,7,8],[5],[1,6,7,9],6],6,2,2,[[7,4,5,0,8],0,4,8]]]

[[[],8,8,[]],[a,[a,[8,7],1,[5,9,9,1,7],4],5],[1,8,[5,1,[9,7,a,5],7],[[6,7],[8],[9],0,6],4]]
[[[]],[[8,4],7,3,[]],[[],a,[5,[1],[8,3,2,1]]],[[[2,3,a,2]],4,1,4],[9,2]]

[[8,[6]],[],[],[],[2,1]]
[[3],[[9,[2],5,3,[]]],[8,3,[[5,5,9],[]]],[[3,4,[a],[2]],8],[3]]

[[[[8,7,7],[9,5,a,7]],[],[],5],[7,[9,[1]],2,6],[[]],[[6,1],[6,2]],[]]
[[9,2,0,[[6],4],[6,[1],[6,8,a,5],9,4]]]

[[5,[[6,4,7],4,[],[1,a]]],[[2],[[0,7],[a],[6,7,1,3,5],[7]],9,6,7],[9,9,2],[[1,[3,a,5,0,3],7,3],[7],4,[[5,8],[2]],[0,6]]]
[[0,[[6,a,3,2],[7,0,2,a]],a],[1,1,0],[[],1,[7],[5,1]]]

[[[[a],0,[7,9,0,7,7]]],[],[[[7,8],2],[[4,2]]],[[[2,7,2,3],[0]],9,1,[[8,4,5],[4,a,0,0,4],[]],[3,[6,4,9,5],4]]]
[[[6,[9,6,9,1],9],[[0,0],8,[1,7,3,1],4,[]]]]

[[[2,3],3],[a,4,[[a,8,4,6,9],5],[8,[0,9,5,5,4],3]]]
[[0],[[[1]]],[1,9,2,2,[[4],4,8]],[]]

[[[[8,0],[a,7],[9,2],[4]],[3,[2,a,2],7,4],[8,[],[0,5,7],3,[5,a,1,7,4]],[6,3,8,[0]],[3]],[[5,[],[7,9],[8,5,a,2]],[]]]
[[a,6,[9,[2,6,5],1,0,[5,0,3,3,a]],[[a,1]],5],[1,[a,[1,2,6,6],[],[5,6,3]],a,5],[1,[2,[9,0,5,7],5]],[[3,[4,a,9],[7,6,3],[9],a],a],[[7,[a,a,7]],8,[4,7,7,6],[[1,0,4],[3]],4]]

[[[0,[5,8]],4,[1],[1,4,7,[]]],[4,2,[[4,0,4,8]],[4,[],[],3,[3,0]]],[]]
[[1,[7,6,5,7,[7]],4],[6]]

[[[[7,9]],[[8,4,a],2,7,9,2]],[7,7,[[7,9,1],4,[0],0],7,[8,[6,1,2,5],4,4,a]],[7,3,4,6,1]]
[[[8,0,[2],0],0],[[]],[6,4],[6,a]]

[[],[[[7,a,a,1],7],0,8],[9],[0,2]]
[[8,[[0,2,5],[6,a,1],3,0],[[a,7]],[[3,3,2,9,3],4,[8,6,2],5,0],[8,[],4]],[7],[[]],[]]

[[6,[],[[6,9,7,5],[7,4,5,9,a],a,[],[0,5,3,7,5]],[[0,9,5],a]],[[3,5],[a,3],a],[2],[[[5,7],[8,6],5],[[0,9,8,3],[1,8],9,[0,6,0,7,1],3]],[[[]],2,1,[],5]]
[[[[3,8,a,5],6,3],[4,2,0,2],[9,[],3]],[],[1],[8,0,a,[]],[[7,[],[8,5,7,3,2]],9,1,1,[[9,3,5],[],3]]]

[[a,6],[5,[2],[1,4],1],[[],[],[8,6,[0,4],9,[9,a,0,1,6]]],[a,3],[]]
[[],[[2,[a],[5],0],[9,9,6,1],0,[[a,1,8]]],[],[]]

[[4],[0,9,9,[3,7,[0,3,6,2],5]],[[],[9,0,2],a],[0,0,[[4],3,a,5],4,5],[]]
[[8],[a,2,[5,[6,a,4,7],[]],7,0]]

[[[],9,2,5,0],[[[a,6,6],a,[1,3]],1,a,[]],[9,4],[[[5,6],8,[2,7,8,3,8],a,[4,2]],6,4,[[4],2],[[a],1,a,[],6]]]
[[0,[]]]

[[0,[[5],a,5,8,2],[6],a,8],[0,3,9,2],[[0,[]]],[[[1],9,6,[8,1,8]],8]]
[[[9,[a,0],9,[]],[[8,5],2,[],0,6],[3,2,9],[3,[5],7,a,6],5],[[],[8,9],[4],[[7,6,9,6,9],[1,6,3],[7,3,6,1,6],[5]],[[6,7,4,5],5]]]

[[6,[[3,8,a,5]],2],[],[[],9]]
[[1,[[7,2,5,1,7],7,8,9],[6,[4,9,9,9,7],0],5]]

[[],[[1,8,[8],8],a],[],[2,[],[[0,5],6,[2,0],[1,3],[5,7,9,8]],2]]
[[[[6,7,5],[5,0,a,3],[8,a,8],[1]],1,[6,[8,4,3],[5]],[0,[6,a,2,7,1],[7,a],1,[8,1,a]],[2,2,[a,6,7,9,a]]],[9,1],[4,3]]

[[8],[[5,[],[],[5,5,2,1]],4,2,4],[a]]
[[[[0,6,0,9,3],5,3],[[],0,[9,9,0,6],7,2],[[a],a,[9,5,6,a],6],[6,8,9]],[[[3,0],[],a],7],[[],3]]

[9,7,7,7]
[9,7,7,7,2]

[[[2,[]],7,[1]]]
[[3,[0,[8,a,1,9,7],[]],7],[[[2,a,0,8,4],0,a,[]],[[1,1,3,5],3,[1,7],2,0],a,6,[6,[4],a,[9,9,1,4,2],[6]]],[[5,[9,6,2]],3]]

[[0,[8,[5,3,1,a,3],[7,3,5],[5,5,3]],3],[7,1]]
[[9],[[],9,9,[9,[],[1,1,7,4,1],[9,1,7]]]]

[[[[]],[a,[6,a,5,1,1],8,[2,3,1,7]],[6]]]
[[[[5,6,4,8,4],a]]]

[[],[],[3,3,[[2,5,6],0,[6,6,9],[],4],[]],[[2],1,[[3,a,3,2,7],[5],[9],[3,5,1],a],5,7],[[[6,3,6],7],2,4]]
[[3],[[a],a,[[1,5],6,0],[[6],3,[2]]],[5,7,8,9,[[3,4,3,5,9]]],[[6,[5,1],a,8],2,8,[8,[a,0,5,4,0],5,1,a],6]]

[[],[9],[3,2],[[[6,2,1,7,3],[7],[5,6,6]],[0,[]]]]
[[2,[7]],[]]

[[1,[7,4,3,7,[9,1,a,6]],6],[7],[],[]]
[[3,[1,9,[3,1]],[[],[a]],a],[8],[3],[[6,8,6],1,8]]

[[[6],[2,2,3,[5,8,9,0,0],2],3,[]],[5,[1]],[],[9,[[0],[6,3]],[2],3,8]]
[[],[[[0,7,2,3],[a,0],0,9,5],5,[]],[],[3],[[3,8],2]]

[[],[[[6,7]],9,[4,3,[7,4,4,3,a],[9,4]],7]]
[[[a,7],[[],2,[],1,4],[9,8],[[1],[7,1,3,1,1],[8,1,1,0,5],[]]],[[[2,a,6,5]]],[],[[6,[2]],0,7],[[6,2,[a,5,9,8]]]]

[[1,3,[4],a,[[9,1,5,8,3],[7,7,a,0,2],[a,4],[0,0,1]]],[8,7,2,[[9],3],[[6,9]]]]
[[1,4,[]],[],[9]]

[[[6,[],[3,2,3,5,6],[]]],[[2,[5,1],1]],[0,[],[[3],7,1,0],[]]]
[[[]],[[8,7,7,[6]]],[0]]

[[],[0],[],[7,1,1,5]]
[[[],[[],[9,3,5,4,7],[6],[8],6],[7,2,[3,9],[4,0,7],[8,a]],[0,[8,3,8,a,7],[5]],1],[1,[],[],[]],[[[5],[],[2,2,2,1,9]],9,[[2],6],a],[7,4,[3,5]]]

[[a,[],[7]],[[a]],[[[],1,[0,8,3],3,0],5,[],[],4]]
[[6,[],3],[[],[[6],[4,9,a]],[[],3,[],8,[1,8]],[[a,2,a]],9]]

[[[1,[2,6,5,9,0],1,2],[0,4,9],[[6,1,4,6,0],[5,9,5,8],[2,7,7,2],[1],[9,7,0]]]]
[[5,7,[[9,6,2,0,8]]],[[[],5,[5,8,a,8,5],[a,4,1],5],[2,3],3,0],[3,[9,[a,0,5,9,2],3,[],9]],[7,8,2,3,a],[[4,[5,a],[2],[]],[[7],2,1,1]]]

[[6,[4,[0,8],9],[[3,7,1],[a,9],[7,0,1],6,3],4],[0,2],[[]],[[6,5,[]],[9,a],[],0,[5]]]
[[[],[0,2],[],9],[6]]

[[4],[3,2,2],[[[9,5,5,2,2],[a,4],3,7,7],3]]
[[[5,8,[2,6,2,3],[8,a,0]]]]

[[4,a,[[4],6]]]
[[3],[0,[9,7,[4,4,3]],a],[[[],4,[3,5,8],[0]],[[1,0],0,[1,6,8],[5,3,9,6]],[9,[2],2,8,[]],[[3,0],[2,5],9,0]],[6,[7,0],[[2,0,5,3,6],[],[9,8,0,8,1],[1]]]]

[[5,2,2,[],[2,[],3]]]
[[1,2,[[8,3],2,[8,a,4,5,9],[7,0],3],3,[[],[a,5,8,9],6,6]],[2],[[1],[5,[4,7,a],8,7,9]],[8,4,[[],7],0,8],[]]

[[2,[],[4,[8,4,3,4,8],[9,2,2],[7,5,5,a]]]]
[[[[6],[0,a]]]]

[[3],[],[]]
[[[],[1,[],6,[2,6],2],4,[1]],[7,[0],7,[5,[4,6,4,6],5,[],[a,6]],0],[[9,[0,9,3,7],5],[[2,1,9,a,2],[4,6],0],[],8],[],[]]

[[[[a,7],[0,9,9,4],4,[3,8,7,a,4],7],[[7]]],[4,[9,[]]],[0,[4,[6,7],[a,8,3,4]],[7,6,[7,9,5,9,6],[6],[7,8,8]],4,1],[[[7,5,9,3],9],[[],[0,4,3],[a,a]]]]
[[[6,[6,0,0,1],2,4],7,4,[8,a,8,7,[0,9,0,a]],7],[a,1,0,6],[],[[],9,[4,[5,a,a,5,6],[6,1,5],8]],[]]

[[],[2,[[a,6],4,[6]],[[3,5,8],[4,8,9]],0,8]]
[[],[[6,9,[a,8,0,0]],[8]],[4,7,[[6],[4],[3],[]],2,[0,7,[6,6],[6,3,0,7],[5,4,3,3]]],[4,[[4,a,7],[],[9,a,6,3,a],9],0]]

[[4]]
[[[a,a,[1],[7,2,8,6,3]],[0,9,[2,1,7],2,[5,5,4]]],[[],0,[8,6,[a],7,[a,5,4]],5,6]]

[[],[],[1],[[[a,1,1,3,7],[],[9,8,2,a],[],[9,7,9]],[[6,6,7],6],2,5,[9,0,[1,1,3,a],[0,6,7,2]]]]
[[[a],[a,[4,5,8,6,3]]],[[[2,9],9,a],[],[9,7]],[],[[[8,4,3,a,5],9,7,3],4,a,4,5],[]]

[[],[[]]]
[[5,6,[[2,8,7,7,9],6,7,[6]]],[],[3,a,[9,[0,1,7],[9,3,0]],6,4],[a,[[],[1,0,6]],[],[[],[4,2,3,8,4]],8],[[],[4,8,[5,5,3],9],a,[a,4],3]]

[[5,[5,[3,a,4],1,[a,8,6,1,a]],[[9],[0,8,0],8,[7,6,4],[]]]]
[[[[6,7,5,3,3],[3,7,8]]],[5,7,[[],[8,3,0],[2,a],3,[5,3,a,1]],[[3,6,5],7],2],[[3]],[a],[[[9,9],5,1],7,[[5,0,1],2,[]],a,8]]

[[[[1,7],5,2,[4,8]],[[a,1],[1,6],1,[6,a,4,5,0],[0,0,6,4,3]],[],[]],[[],[],[1,[],[4,0,9,a]]],[0,[]],[2,3],[[3,[]]]]
[[8,[7,4,6]]]

[[5,a],[],[[5,8,6,1],[[0,a],1,[1,5,5,6]],8,[[a],[a,0,2,1,2],[a,2,a]]],[2,2,[],a],[0,a,2]]
[[0,a,[],[5,4,[5,7,8],2,6]]]

[[],[[]],[]]
[[[[8,1,7],[2]],[[],[9,3]]],[],[[1,[7,0,2,5],[a],[8,4],4],[[a],[1,4],7,[1,2,a,a,2]]],[[[9],[8,2,7,3]],[[],7,[1],6]],[[2,[6,3],a,6,[9,2,0,0]],6,9,4,[[3,6,5],[8,2,5,4]]]]

[[[[0]]],[[[],[1],[3,1,a]],[[],[],[4,4,5],8,4],[[0,5,0],4],[[0,1],1,6],7],[6,[]]]
[[3,[6,[7,3]],[[4,7],8,[a],7]],[6],[[[8,9,5],[1,0,4,2],1,[8,8]],[3,[1]],[7,7,[0,7],[5,a,1,9],3],[[0,9,4,a],5]]]

[9,1,3,2,3]
[9,1,3,2]
